_C_bf7_5614937d_1 8c 0 b0 0 0 3a202562 0 6f75743a 0 25622043 0 20256220 0 64202562 0 2534 
_C_74eb_56149075_1 8c 0 78 0 0 636f7574 0 79207a20 0 65207820 0 54696d 
_C_53b7_5615467f_1 8c 0 78 0 0 636f7574 0 797c7a7c 0 657c787c 0 54696d 
_C_5564_561546cd_2 8c 0 88 0 0 7c202562 0 20256220 0 62202562 0 34642025 0 25 
_C_74eb_56149075_2 8c 0 30 0 0 64202562 0 2534 
_C_520f_5615464b_1 8c 0 78 0 0 5f5f5f5f 0 5f5f5f5f 0 5f5f5f5f 0 5f5f5f 
_C_716_561492f2_2 8c 0 78 0 0 62202562 0 25622025 0 20256220 0 253464 
_C_6930_5612eb19_1 8c 0 98 0 0 75742073 0 6e20636f 0 62206369 0 65206120 0 54696d 
_C_2edb_5614898c_1 8c 0 68 0 0 636f7574 0 78206220 0 696d6520 0 54 
_C_716_561492f2_1 84 0 8 0 0 f0 
_C_5564_561546cd_1 8c 0 88 0 0 636f7574 0 7a207c20 0 78207920 0 696d6520 0 54 
_C_29bf_561488e0_1 84 0 5 0 0 10 
_C_6930_5612eb19_4 8c 0 48 0 0 62202562 0 34642025 0 25 
_C_4eb0_56148d6c_1 8c 0 c0 0 0 3d202562 0 62207a20 0 203d2025 0 25622079 0 78203d20 0 25346420 
_C_5093_56148daa_1 8c 0 80 0 0 73202562 0 75742069 0 4f757470 0 25346420 
_C_2438_5614888c_1 8c 0 78 0 0 75742073 0 6220636f 0 65207820 0 54696d 
_C_29bf_561488e0_2 8c 0 38 0 0 20256220 0 253464 
_C_6930_5612eb19_2 8c 0 60 0 0 62202562 0 25622025 0 25346420 
_C_6930_5612eb19_3 84 0 6 0 0 30 
_C_53b7_5615467f_2 8c 0 78 0 0 627c2562 0 25627c25 0 7c25627c 0 253464 
